a1 =

   0.16829  -0.19228

a1 =

   0.18186  -0.15020

a1 =

   0.028224   0.029975

a1 =

  -0.15136   0.18259

a1 =

  -0.19178   0.16733

a1 =

  -0.0558831  -0.0017703

a1 =

   0.13140  -0.16924

a1 =

   0.19787  -0.18112

a1 =

   0.082424  -0.026470

a1 =

  -0.10880   0.15251

a1 =

  -0.20000   0.19128

a1 =

  -0.107315   0.054181

a1 =

   0.084033  -0.132727

a1 =

   0.19812  -0.19761

a1 =

   0.130058  -0.080808

a1 =

  -0.057581   0.110285

a1 =

   1.00000   0.16829  -0.19228

a1 =

   1.00000   0.18186  -0.15020

a1 =

   1.000000   0.028224   0.029975

a1 =

   1.00000  -0.15136   0.18259

a1 =

   1.00000  -0.19178   0.16733

a1 =

   1.0000000  -0.0558831  -0.0017703

a1 =

   1.00000   0.13140  -0.16924

a1 =

   1.00000   0.19787  -0.18112

a1 =

   1.000000   0.082424  -0.026470

a1 =

   1.00000  -0.10880   0.15251

a1 =

   1.00000  -0.20000   0.19128

a1 =

   1.000000  -0.107315   0.054181

a1 =

   1.000000   0.084033  -0.132727

a1 =

   1.00000   0.19812  -0.19761

a1 =

   1.000000   0.130058  -0.080808

a1 =

   1.000000  -0.057581   0.110285

a1 =

   0.16829  -0.19228

a1 =

   0.18186  -0.15020

a1 =

   0.028224   0.029975

a1 =

  -0.15136   0.18259

a1 =

  -0.19178   0.16733

a1 =

  -0.0558831  -0.0017703

a1 =

   0.13140  -0.16924

a1 =

   0.19787  -0.18112

a1 =

   0.082424  -0.026470

a1 =

  -0.10880   0.15251

a1 =

  -0.20000   0.19128

a1 =

  -0.107315   0.054181

a1 =

   0.084033  -0.132727

a1 =

   0.19812  -0.19761

a1 =

   0.130058  -0.080808

a1 =

  -0.057581   0.110285

a1 =

   1.00000   0.16829  -0.19228

a1 =

   1.00000   0.18186  -0.15020

a1 =

   1.000000   0.028224   0.029975

a1 =

   1.00000  -0.15136   0.18259

a1 =

   1.00000  -0.19178   0.16733

a1 =

   1.0000000  -0.0558831  -0.0017703

a1 =

   1.00000   0.13140  -0.16924

a1 =

   1.00000   0.19787  -0.18112

a1 =

   1.000000   0.082424  -0.026470

a1 =

   1.00000  -0.10880   0.15251

a1 =

   1.00000  -0.20000   0.19128

a1 =

   1.000000  -0.107315   0.054181

a1 =

   1.000000   0.084033  -0.132727

a1 =

   1.00000   0.19812  -0.19761

a1 =

   1.000000   0.130058  -0.080808

a1 =

   1.000000  -0.057581   0.110285

a1 =

   0.16829  -0.19228

a1 =

   0.18186  -0.15020

a1 =

   0.028224   0.029975

a1 =

  -0.15136   0.18259

a1 =

  -0.19178   0.16733

a1 =

  -0.0558831  -0.0017703

a1 =

   0.13140  -0.16924

a1 =

   0.19787  -0.18112

a1 =

   0.082424  -0.026470

a1 =

  -0.10880   0.15251

a1 =

  -0.20000   0.19128

a1 =

  -0.107315   0.054181

a1 =

   0.084033  -0.132727

a1 =

   0.19812  -0.19761

a1 =

   0.130058  -0.080808

a1 =

  -0.057581   0.110285

a1 =

   1.00000   0.16829  -0.19228

a1 =

   1.00000   0.18186  -0.15020

a1 =

   1.000000   0.028224   0.029975

a1 =

   1.00000  -0.15136   0.18259

a1 =

   1.00000  -0.19178   0.16733

a1 =

   1.0000000  -0.0558831  -0.0017703

a1 =

   1.00000   0.13140  -0.16924

a1 =

   1.00000   0.19787  -0.18112

a1 =

   1.000000   0.082424  -0.026470

a1 =

   1.00000  -0.10880   0.15251

a1 =

   1.00000  -0.20000   0.19128

a1 =

   1.000000  -0.107315   0.054181

a1 =

   1.000000   0.084033  -0.132727

a1 =

   1.00000   0.19812  -0.19761

a1 =

   1.000000   0.130058  -0.080808

a1 =

   1.000000  -0.057581   0.110285

a1 =

   0.16829  -0.19228

a1 =

   0.18186  -0.15020

a1 =

   0.028224   0.029975

a1 =

  -0.15136   0.18259

a1 =

  -0.19178   0.16733

a1 =

  -0.0558831  -0.0017703

a1 =

   0.13140  -0.16924

a1 =

   0.19787  -0.18112

a1 =

   0.082424  -0.026470

a1 =

  -0.10880   0.15251

a1 =

  -0.20000   0.19128

a1 =

  -0.107315   0.054181

a1 =

   0.084033  -0.132727

a1 =

   0.19812  -0.19761

a1 =

   0.130058  -0.080808

a1 =

  -0.057581   0.110285

a1 =

   1.00000   0.16829  -0.19228

a1 =

   1.00000   0.18186  -0.15020

a1 =

   1.000000   0.028224   0.029975

a1 =

   1.00000  -0.15136   0.18259

a1 =

   1.00000  -0.19178   0.16733

a1 =

   1.0000000  -0.0558831  -0.0017703

a1 =

   1.00000   0.13140  -0.16924

a1 =

   1.00000   0.19787  -0.18112

a1 =

   1.000000   0.082424  -0.026470

a1 =

   1.00000  -0.10880   0.15251

a1 =

   1.00000  -0.20000   0.19128

a1 =

   1.000000  -0.107315   0.054181

a1 =

   1.000000   0.084033  -0.132727

a1 =

   1.00000   0.19812  -0.19761

a1 =

   1.000000   0.130058  -0.080808

a1 =

   1.000000  -0.057581   0.110285

== 
==                                   Part Name |     Score | Feedback
==                                   --------- |     ----- | --------
==               Feedforward and Cost Function |  30 /  30 | Nice work!
==                   Regularized Cost Function |  15 /  15 | Nice work!
==                            Sigmoid Gradient |   5 /   5 | Nice work!
==   Neural Network Gradient (Backpropagation) |  40 /  40 | Nice work!
==                        Regularized Gradient |   0 /  10 | 
==                                   --------------------------------
==                                             |  90 / 100 | 
== 
